attributes = {
    'binary' : 1,
    'bundles' : ['lh_CMF-PoC_1_short',0],
    'byte_order' : 'DCBA',
    'curves_count' : 184,
    'radio' : 0,
    'length' : 0,
    'nSubjects' : 0,
    'data_file_name' : '*.bundlesdata',
    'format' : 'bundles_1.0',
    'io_mode' : 'binary',
    'item_count' : 1,
    'label_type' : 'std_string',
    'labels' : ['255'],
    'object_type' : 'BundleMap',
    'averageRadius' : 10.79193401439363,
    'minRadius' : 8.540523849879143,
    'maxRadius' : 13.4071697543421,
    'averageAngle' : 17.993115268901448,
    'minAngle' : 3.8413973416611897,
    'maxAngle' : 35.903773216922815,
    'averageDirectionAngle' : 13.495424168918303,
    'minDirectionAngle' : 2.9745591692313114,
    'maxDirectionAngle' : 27.006348588163963,
    'averageShapeAngle' : 70.55348643295632,
    'minShapeAngle' : 53.88908439302902,
    'maxShapeAngle' : 89.2075089749685,
    'averageLength' : 74.53929987945375,
    'minLength' : 67.3842573858257,
    'maxLength' : 81.46995783699872,
    'averageDisimilarity' : 7.749955272722087,
    'minDisimilarity' : 0,
    'maxDisimilarity' : 12.307596314323789,
    'density' : 0.0179109,
    'centerBundleX' : 132.616,
    'centerBundleY' : 116.951,
    'centerBundleZ' : 62.786,
    'resolutionX' : 1,
    'resolutionY' : 1,
    'resolutionZ' : 1,
    'sizeX' : 193,
    'sizeY' : 229,
    'sizeZ' : 193,
    'space_dimension' : 3
,
    'averageDistanceBetweenMedialPoints' : 5.01998578856546,
    'minDistanceBetweenMedialPoints' : 1.2964408106934657,
    'maxDistanceBetweenMedialPoints' : 9.728964950474227,
}