attributes = {
    'binary' : 1,
    'bundles' : ['lh_PoC-PoC_1_short',0],
    'byte_order' : 'DCBA',
    'curves_count' : 117,
    'radio' : 0,
    'length' : 0,
    'nSubjects' : 0,
    'data_file_name' : '*.bundlesdata',
    'format' : 'bundles_1.0',
    'io_mode' : 'binary',
    'item_count' : 1,
    'label_type' : 'std_string',
    'labels' : ['255'],
    'object_type' : 'BundleMap',
    'averageRadius' : 6.1856892163859065,
    'minRadius' : 4.135641819453592,
    'maxRadius' : 8.66966749035888,
    'averageAngle' : 40.931277808799344,
    'minAngle' : 8.757157826793451,
    'maxAngle' : 77.55952052212115,
    'averageDirectionAngle' : 34.14061742587779,
    'minDirectionAngle' : 7.466492837345222,
    'maxDirectionAngle' : 71.10204776361421,
    'averageShapeAngle' : 31.00201291444577,
    'minShapeAngle' : 6.535712800242951,
    'maxShapeAngle' : 60.77482369346511,
    'averageLength' : 33.23876299570367,
    'minLength' : 28.51218142285164,
    'maxLength' : 38.75136856282132,
    'averageDisimilarity' : 5.849115697565336,
    'minDisimilarity' : 0,
    'maxDisimilarity' : 10.821535163366514,
    'density' : 0.0401096,
    'centerBundleX' : 155.452,
    'centerBundleY' : 114.439,
    'centerBundleZ' : 82.5651,
    'resolutionX' : 1,
    'resolutionY' : 1,
    'resolutionZ' : 1,
    'sizeX' : 193,
    'sizeY' : 229,
    'sizeZ' : 193,
    'space_dimension' : 3
,
    'averageDistanceBetweenMedialPoints' : 4.370782787184206,
    'minDistanceBetweenMedialPoints' : 1.4345960199281236,
    'maxDistanceBetweenMedialPoints' : 8.041985569735633,
}