attributes = {
    'binary' : 1,
    'bundles' : ['lh_PoC-SP_1_short',0],
    'byte_order' : 'DCBA',
    'curves_count' : 145,
    'radio' : 0,
    'length' : 0,
    'nSubjects' : 0,
    'data_file_name' : '*.bundlesdata',
    'format' : 'bundles_1.0',
    'io_mode' : 'binary',
    'item_count' : 1,
    'label_type' : 'std_string',
    'labels' : ['255'],
    'object_type' : 'BundleMap',
    'averageRadius' : 7.95416628556285,
    'minRadius' : 6.058732501267876,
    'maxRadius' : 10.102464147421065,
    'averageAngle' : 27.45367114784662,
    'minAngle' : 5.759857320473502,
    'maxAngle' : 57.84584936567108,
    'averageDirectionAngle' : 12.190861782106353,
    'minDirectionAngle' : 2.7358430273491607,
    'maxDirectionAngle' : 25.00545741564122,
    'averageShapeAngle' : 20.848274234521963,
    'minShapeAngle' : 9.16525221842605,
    'maxShapeAngle' : 33.294456979865515,
    'averageLength' : 37.49754524233597,
    'minLength' : 30.604672585966597,
    'maxLength' : 44.04195579320869,
    'averageDisimilarity' : 4.977209974139836,
    'minDisimilarity' : 0,
    'maxDisimilarity' : 9.77022314951319,
    'density' : 0.0332949,
    'centerBundleX' : 115.97,
    'centerBundleY' : 150.004,
    'centerBundleZ' : 49.389,
    'resolutionX' : 1,
    'resolutionY' : 1,
    'resolutionZ' : 1,
    'sizeX' : 193,
    'sizeY' : 229,
    'sizeZ' : 193,
    'space_dimension' : 3
,
    'averageDistanceBetweenMedialPoints' : 3.8092848207486645,
    'minDistanceBetweenMedialPoints' : 1.2862217312194353,
    'maxDistanceBetweenMedialPoints' : 7.050648106167587,
}