attributes = {
    'binary' : 1,
    'bundles' : ['lh_PoC-PrC_3_2_short',0],
    'byte_order' : 'DCBA',
    'curves_count' : 494,
    'radio' : 0,
    'length' : 0,
    'nSubjects' : 0,
    'data_file_name' : '*.bundlesdata',
    'format' : 'bundles_1.0',
    'io_mode' : 'binary',
    'item_count' : 1,
    'label_type' : 'std_string',
    'labels' : ['255'],
    'object_type' : 'BundleMap',
    'averageRadius' : 7.341623560101791,
    'minRadius' : 4.732245537856995,
    'maxRadius' : 9.997561034238787,
    'averageAngle' : 27.21560882503424,
    'minAngle' : 5.639438992545555,
    'maxAngle' : 58.598458152328966,
    'averageDirectionAngle' : 21.16862456142645,
    'minDirectionAngle' : 3.897661749193653,
    'maxDirectionAngle' : 49.79663428513888,
    'averageShapeAngle' : 29.648544196215266,
    'minShapeAngle' : 5.774285437065547,
    'maxShapeAngle' : 78.11627956536351,
    'averageLength' : 42.041588531893126,
    'minLength' : 34.535920554062315,
    'maxLength' : 50.20071629548406,
    'averageDisimilarity' : 8.850775197581095,
    'minDisimilarity' : 0,
    'maxDisimilarity' : 21.231290520467514,
    'density' : 0.102057,
    'centerBundleX' : 130.632,
    'centerBundleY' : 123.393,
    'centerBundleZ' : 56.2771,
    'resolutionX' : 1,
    'resolutionY' : 1,
    'resolutionZ' : 1,
    'sizeX' : 193,
    'sizeY' : 229,
    'sizeZ' : 193,
    'space_dimension' : 3
,
    'averageDistanceBetweenMedialPoints' : 4.6735102804896735,
    'minDistanceBetweenMedialPoints' : 1.427167277736305,
    'maxDistanceBetweenMedialPoints' : 8.862809215107708,
}