attributes = {
    'binary' : 1,
    'bundles' : ['lh_PoC-PrC_4_short',0],
    'byte_order' : 'DCBA',
    'curves_count' : 238,
    'radio' : 0,
    'length' : 0,
    'nSubjects' : 0,
    'data_file_name' : '*.bundlesdata',
    'format' : 'bundles_1.0',
    'io_mode' : 'binary',
    'item_count' : 1,
    'label_type' : 'std_string',
    'labels' : ['255'],
    'object_type' : 'BundleMap',
    'averageRadius' : 6.929678713776817,
    'minRadius' : 3.3715148608951018,
    'maxRadius' : 10.675799909153369,
    'averageAngle' : 42.303741784874475,
    'minAngle' : 9.423283561439057,
    'maxAngle' : 78.37681520924896,
    'averageDirectionAngle' : 26.365900516042274,
    'minDirectionAngle' : 6.36443231831354,
    'maxDirectionAngle' : 52.80008766633106,
    'averageShapeAngle' : 41.38685231375601,
    'minShapeAngle' : 14.034925377646118,
    'maxShapeAngle' : 77.02890301608333,
    'averageLength' : 34.434906005859375,
    'minLength' : 27.31846963474027,
    'maxLength' : 41.551342376978475,
    'averageDisimilarity' : 6.509641877811198,
    'minDisimilarity' : 0,
    'maxDisimilarity' : 10.660098298484103,
    'density' : 0.0207789,
    'centerBundleX' : 156.131,
    'centerBundleY' : 101.526,
    'centerBundleZ' : 96.6469,
    'resolutionX' : 1,
    'resolutionY' : 1,
    'resolutionZ' : 1,
    'sizeX' : 193,
    'sizeY' : 229,
    'sizeZ' : 193,
    'space_dimension' : 3
,
    'averageDistanceBetweenMedialPoints' : 5.642249993090011,
    'minDistanceBetweenMedialPoints' : 1.9184798163590582,
    'maxDistanceBetweenMedialPoints' : 10.244989490918153,
}