attributes = {
    'binary' : 1,
    'bundles' : ['lh_PoC-SM_1_short',0],
    'byte_order' : 'DCBA',
    'curves_count' : 551,
    'radio' : 0,
    'length' : 0,
    'nSubjects' : 0,
    'data_file_name' : '*.bundlesdata',
    'format' : 'bundles_1.0',
    'io_mode' : 'binary',
    'item_count' : 1,
    'label_type' : 'std_string',
    'labels' : ['255'],
    'object_type' : 'BundleMap',
    'averageRadius' : 8.794965400980228,
    'minRadius' : 4.824504622932743,
    'maxRadius' : 13.122007350233964,
    'averageAngle' : 24.917139654055138,
    'minAngle' : 6.129681302909726,
    'maxAngle' : 50.04493231814391,
    'averageDirectionAngle' : 23.787563751295835,
    'minDirectionAngle' : 5.982140578795916,
    'maxDirectionAngle' : 46.697993887038635,
    'averageShapeAngle' : 42.969087075459804,
    'minShapeAngle' : 11.049641173748014,
    'maxShapeAngle' : 79.9997589753357,
    'averageLength' : 50.514295747664114,
    'minLength' : 36.040139923072395,
    'maxLength' : 63.20933944673505,
    'averageDisimilarity' : 8.974345131566084,
    'minDisimilarity' : 0,
    'maxDisimilarity' : 15.329656450559519,
    'density' : 0.0344625,
    'centerBundleX' : 154.524,
    'centerBundleY' : 116.624,
    'centerBundleZ' : 88.2417,
    'resolutionX' : 1,
    'resolutionY' : 1,
    'resolutionZ' : 1,
    'sizeX' : 193,
    'sizeY' : 229,
    'sizeZ' : 193,
    'space_dimension' : 3
,
    'averageDistanceBetweenMedialPoints' : 5.541480173408588,
    'minDistanceBetweenMedialPoints' : 1.7269314252856411,
    'maxDistanceBetweenMedialPoints' : 10.776964358002012,
}