attributes = {
    'binary' : 1,
    'bundles' : ['lh_PoC-PrC_6_short',0],
    'byte_order' : 'DCBA',
    'curves_count' : 89,
    'radio' : 0,
    'length' : 0,
    'nSubjects' : 0,
    'data_file_name' : '*.bundlesdata',
    'format' : 'bundles_1.0',
    'io_mode' : 'binary',
    'item_count' : 1,
    'label_type' : 'std_string',
    'labels' : ['255'],
    'object_type' : 'BundleMap',
    'averageRadius' : 2.7210102144254114,
    'minRadius' : 0.6565528385413444,
    'maxRadius' : 5.821473347603359,
    'averageAngle' : 34.81284544339293,
    'minAngle' : 7.208086338853512,
    'maxAngle' : 78.51641260921687,
    'averageDirectionAngle' : 46.26231011077572,
    'minDirectionAngle' : 6.973935517278706,
    'maxDirectionAngle' : 128.62176903737668,
    'averageShapeAngle' : 136.89747790359226,
    'minShapeAngle' : 98.91355800904485,
    'maxShapeAngle' : 170.65123411213585,
    'averageLength' : 23.659688459453996,
    'minLength' : 20.26259747188719,
    'maxLength' : 27.63163639003819,
    'averageDisimilarity' : 5.667395479925064,
    'minDisimilarity' : 0,
    'maxDisimilarity' : 12.546055494921951,
    'density' : 0.0587016,
    'centerBundleX' : 133.565,
    'centerBundleY' : 117.552,
    'centerBundleZ' : 54.767,
    'resolutionX' : 1,
    'resolutionY' : 1,
    'resolutionZ' : 1,
    'sizeX' : 193,
    'sizeY' : 229,
    'sizeZ' : 193,
    'space_dimension' : 3
,
    'averageDistanceBetweenMedialPoints' : 3.751957581373835,
    'minDistanceBetweenMedialPoints' : 1.1998256814641244,
    'maxDistanceBetweenMedialPoints' : 7.005221666351328,
}