attributes = {
    'binary' : 1,
    'bundles' : ['lh_PC-PoC_1_short',0],
    'byte_order' : 'DCBA',
    'curves_count' : 319,
    'radio' : 0,
    'length' : 0,
    'nSubjects' : 0,
    'data_file_name' : '*.bundlesdata',
    'format' : 'bundles_1.0',
    'io_mode' : 'binary',
    'item_count' : 1,
    'label_type' : 'std_string',
    'labels' : ['255'],
    'object_type' : 'BundleMap',
    'averageRadius' : 3.3224951519917894,
    'minRadius' : 1.1472490284265662,
    'maxRadius' : 5.737085636341335,
    'averageAngle' : 45.29924508860731,
    'minAngle' : 7.299473398453479,
    'maxAngle' : 83.19931200211487,
    'averageDirectionAngle' : 83.56936656781053,
    'minDirectionAngle' : 12.294417324679994,
    'maxDirectionAngle' : 160.6162675652123,
    'averageShapeAngle' : 145.19191772798075,
    'minShapeAngle' : 115.47456952898006,
    'maxShapeAngle' : 168.77659671290598,
    'averageLength' : 27.23967742919922,
    'minLength' : 22.09037792188274,
    'maxLength' : 32.3889769365157,
    'averageDisimilarity' : 6.447623445531451,
    'minDisimilarity' : 0,
    'maxDisimilarity' : 13.412860558266773,
    'density' : 0.169276,
    'centerBundleX' : 105.481,
    'centerBundleY' : 137.172,
    'centerBundleZ' : 43.6624,
    'resolutionX' : 1,
    'resolutionY' : 1,
    'resolutionZ' : 1,
    'sizeX' : 193,
    'sizeY' : 229,
    'sizeZ' : 193,
    'space_dimension' : 3
,
    'averageDistanceBetweenMedialPoints' : 4.562958604748288,
    'minDistanceBetweenMedialPoints' : 1.5059860266504015,
    'maxDistanceBetweenMedialPoints' : 8.401416161242494,
}