attributes = {
    'binary' : 1,
    'bundles' : ['lh_PoC-PoC_5_2_short',0],
    'byte_order' : 'DCBA',
    'curves_count' : 273,
    'radio' : 0,
    'length' : 0,
    'nSubjects' : 0,
    'data_file_name' : '*.bundlesdata',
    'format' : 'bundles_1.0',
    'io_mode' : 'binary',
    'item_count' : 1,
    'label_type' : 'std_string',
    'labels' : ['255'],
    'object_type' : 'BundleMap',
    'averageRadius' : 7.867542743682861,
    'minRadius' : 5.422475825789599,
    'maxRadius' : 10.312609661576122,
    'averageAngle' : 35.334996738629506,
    'minAngle' : 6.5362345166454245,
    'maxAngle' : 88.3054335893782,
    'averageDirectionAngle' : 27.498418480645295,
    'minDirectionAngle' : 5.663900114879495,
    'maxDirectionAngle' : 60.4675689139216,
    'averageShapeAngle' : 47.10941648605377,
    'minShapeAngle' : 8.91533259228783,
    'maxShapeAngle' : 98.30856077562967,
    'averageLength' : 45.10879693915965,
    'minLength' : 36.48792144590926,
    'maxLength' : 54.48640871230464,
    'averageDisimilarity' : 8.815146787891575,
    'minDisimilarity' : 0,
    'maxDisimilarity' : 15.968802754181258,
    'density' : 0.0535694,
    'centerBundleX' : 141.589,
    'centerBundleY' : 113.73,
    'centerBundleZ' : 70.9861,
    'resolutionX' : 1,
    'resolutionY' : 1,
    'resolutionZ' : 1,
    'sizeX' : 193,
    'sizeY' : 229,
    'sizeZ' : 193,
    'space_dimension' : 3
,
    'averageDistanceBetweenMedialPoints' : 5.003149395455769,
    'minDistanceBetweenMedialPoints' : 1.4691680985909508,
    'maxDistanceBetweenMedialPoints' : 10.751188589342899,
}