attributes = {
    'binary' : 1,
    'bundles' : ['lh_PoC-PrC_1_2_short',0],
    'byte_order' : 'DCBA',
    'curves_count' : 218,
    'radio' : 0,
    'length' : 0,
    'nSubjects' : 0,
    'data_file_name' : '*.bundlesdata',
    'format' : 'bundles_1.0',
    'io_mode' : 'binary',
    'item_count' : 1,
    'label_type' : 'std_string',
    'labels' : ['255'],
    'object_type' : 'BundleMap',
    'averageRadius' : 6.5730048903058105,
    'minRadius' : 4.161837914084129,
    'maxRadius' : 9.64585967115611,
    'averageAngle' : 26.935188681393097,
    'minAngle' : 5.586164310410275,
    'maxAngle' : 61.09355549124365,
    'averageDirectionAngle' : 27.16667529308366,
    'minDirectionAngle' : 6.07496765277927,
    'maxDirectionAngle' : 56.968760953150884,
    'averageShapeAngle' : 47.4754246761036,
    'minShapeAngle' : 13.135133859707205,
    'maxShapeAngle' : 112.89882858160817,
    'averageLength' : 40.06635981428176,
    'minLength' : 33.72971822235746,
    'maxLength' : 47.54031782453423,
    'averageDisimilarity' : 8.144682398358823,
    'minDisimilarity' : 0,
    'maxDisimilarity' : 18.47747699064415,
    'density' : 0.0366353,
    'centerBundleX' : 122.068,
    'centerBundleY' : 124.48,
    'centerBundleZ' : 52.6598,
    'resolutionX' : 1,
    'resolutionY' : 1,
    'resolutionZ' : 1,
    'sizeX' : 193,
    'sizeY' : 229,
    'sizeZ' : 193,
    'space_dimension' : 3
,
    'averageDistanceBetweenMedialPoints' : 4.495270403057885,
    'minDistanceBetweenMedialPoints' : 1.341452695019747,
    'maxDistanceBetweenMedialPoints' : 9.102852516663795,
}