attributes = {
    'binary' : 1,
    'bundles' : ['lh_PoC-PoC_7_short',0],
    'byte_order' : 'DCBA',
    'curves_count' : 610,
    'radio' : 0,
    'length' : 0,
    'nSubjects' : 0,
    'data_file_name' : '*.bundlesdata',
    'format' : 'bundles_1.0',
    'io_mode' : 'binary',
    'item_count' : 1,
    'label_type' : 'std_string',
    'labels' : ['255'],
    'object_type' : 'BundleMap',
    'averageRadius' : 10.14146697099672,
    'minRadius' : 5.859786577514509,
    'maxRadius' : 14.437952133147451,
    'averageAngle' : 27.25472573276876,
    'minAngle' : 6.300945399830927,
    'maxAngle' : 58.88078803811483,
    'averageDirectionAngle' : 15.913219830388174,
    'minDirectionAngle' : 3.465972503249396,
    'maxDirectionAngle' : 31.476021876757855,
    'averageShapeAngle' : 33.282672572748304,
    'minShapeAngle' : 10.891467213063661,
    'maxShapeAngle' : 56.7599243033046,
    'averageLength' : 49.388485441891646,
    'minLength' : 33.92453352774045,
    'maxLength' : 65.4183507950409,
    'averageDisimilarity' : 9.624379333181627,
    'minDisimilarity' : 0,
    'maxDisimilarity' : 18.190513045674365,
    'density' : 0.0379353,
    'centerBundleX' : 118.796,
    'centerBundleY' : 136.538,
    'centerBundleZ' : 49.2812,
    'resolutionX' : 1,
    'resolutionY' : 1,
    'resolutionZ' : 1,
    'sizeX' : 193,
    'sizeY' : 229,
    'sizeZ' : 193,
    'space_dimension' : 3
,
    'averageDistanceBetweenMedialPoints' : 5.162162838204095,
    'minDistanceBetweenMedialPoints' : 1.6552963518441453,
    'maxDistanceBetweenMedialPoints' : 9.622504202827434,
}