attributes = {
    'binary' : 1,
    'bundles' : ['lh_PoC-Ins_1_1_short',0],
    'byte_order' : 'DCBA',
    'curves_count' : 628,
    'radio' : 0,
    'length' : 0,
    'nSubjects' : 0,
    'data_file_name' : '*.bundlesdata',
    'format' : 'bundles_1.0',
    'io_mode' : 'binary',
    'item_count' : 1,
    'label_type' : 'std_string',
    'labels' : ['255'],
    'object_type' : 'BundleMap',
    'averageRadius' : 8.0687926178487,
    'minRadius' : 4.65327476107354,
    'maxRadius' : 12.131266955298257,
    'averageAngle' : 17.163534137300065,
    'minAngle' : 3.734655985672785,
    'maxAngle' : 36.9879805825201,
    'averageDirectionAngle' : 21.603604388763042,
    'minDirectionAngle' : 5.364913264156219,
    'maxDirectionAngle' : 43.50399665435244,
    'averageShapeAngle' : 63.502268711221504,
    'minShapeAngle' : 20.554483452889368,
    'maxShapeAngle' : 109.23320160122292,
    'averageLength' : 52.52618512619385,
    'minLength' : 39.564711566687734,
    'maxLength' : 67.20335189128188,
    'averageDisimilarity' : 10.473255047263216,
    'minDisimilarity' : 0,
    'maxDisimilarity' : 19.59437485327967,
    'density' : 0.069863,
    'centerBundleX' : 134.525,
    'centerBundleY' : 115.037,
    'centerBundleZ' : 99.9326,
    'resolutionX' : 1,
    'resolutionY' : 1,
    'resolutionZ' : 1,
    'sizeX' : 193,
    'sizeY' : 229,
    'sizeZ' : 193,
    'space_dimension' : 3
,
    'averageDistanceBetweenMedialPoints' : 6.126795233450974,
    'minDistanceBetweenMedialPoints' : 1.8099938110803286,
    'maxDistanceBetweenMedialPoints' : 11.649029073884586,
}