attributes = {
    'binary' : 1,
    'bundles' : ['lh_PoC-Ins_1_2_short',0],
    'byte_order' : 'DCBA',
    'curves_count' : 236,
    'radio' : 0,
    'length' : 0,
    'nSubjects' : 0,
    'data_file_name' : '*.bundlesdata',
    'format' : 'bundles_1.0',
    'io_mode' : 'binary',
    'item_count' : 1,
    'label_type' : 'std_string',
    'labels' : ['255'],
    'object_type' : 'BundleMap',
    'averageRadius' : 5.95327138589812,
    'minRadius' : 4.1887251814787865,
    'maxRadius' : 7.98301498685812,
    'averageAngle' : 18.6263513977828,
    'minAngle' : 4.9125737958931905,
    'maxAngle' : 37.64804386184689,
    'averageDirectionAngle' : 21.922673196005746,
    'minDirectionAngle' : 5.149646448367279,
    'maxDirectionAngle' : 47.5930370601175,
    'averageShapeAngle' : 26.972195069934372,
    'minShapeAngle' : 8.000011785592228,
    'maxShapeAngle' : 51.991337668039414,
    'averageLength' : 31.675197695530887,
    'minLength' : 26.023272948872773,
    'maxLength' : 37.40431983581192,
    'averageDisimilarity' : 6.414028460542117,
    'minDisimilarity' : 0,
    'maxDisimilarity' : 14.600555294576585,
    'density' : 0.0716764,
    'centerBundleX' : 135.322,
    'centerBundleY' : 114.559,
    'centerBundleZ' : 95.7376,
    'resolutionX' : 1,
    'resolutionY' : 1,
    'resolutionZ' : 1,
    'sizeX' : 193,
    'sizeY' : 229,
    'sizeZ' : 193,
    'space_dimension' : 3
,
    'averageDistanceBetweenMedialPoints' : 4.498782269158958,
    'minDistanceBetweenMedialPoints' : 1.491811051263567,
    'maxDistanceBetweenMedialPoints' : 8.224546200820216,
}