attributes = {
    'binary' : 1,
    'bundles' : ['lh_PoC-PrC_2_short',0],
    'byte_order' : 'DCBA',
    'curves_count' : 1035,
    'radio' : 0,
    'length' : 0,
    'nSubjects' : 0,
    'data_file_name' : '*.bundlesdata',
    'format' : 'bundles_1.0',
    'io_mode' : 'binary',
    'item_count' : 1,
    'label_type' : 'std_string',
    'labels' : ['255'],
    'object_type' : 'BundleMap',
    'averageRadius' : 9.960219895916747,
    'minRadius' : 6.301249459392555,
    'maxRadius' : 13.065959738836119,
    'averageAngle' : 42.51810801534306,
    'minAngle' : 5.395163224773135,
    'maxAngle' : 82.26860150072538,
    'averageDirectionAngle' : 19.157835450793048,
    'minDirectionAngle' : 3.892194274557059,
    'maxDirectionAngle' : 43.789286158932995,
    'averageShapeAngle' : 25.897890032660182,
    'minShapeAngle' : 7.485629630138317,
    'maxShapeAngle' : 60.48914360565837,
    'averageLength' : 48.64518156882917,
    'minLength' : 36.296091643412424,
    'maxLength' : 59.31190804522025,
    'averageDisimilarity' : 10.075140637458162,
    'minDisimilarity' : 0,
    'maxDisimilarity' : 18.728884063833167,
    'density' : 0.0863356,
    'centerBundleX' : 138.03,
    'centerBundleY' : 114.556,
    'centerBundleZ' : 63.6719,
    'resolutionX' : 1,
    'resolutionY' : 1,
    'resolutionZ' : 1,
    'sizeX' : 193,
    'sizeY' : 229,
    'sizeZ' : 193,
    'space_dimension' : 3
,
    'averageDistanceBetweenMedialPoints' : 5.687497607193242,
    'minDistanceBetweenMedialPoints' : 1.7779889326417675,
    'maxDistanceBetweenMedialPoints' : 11.588833400715973,
}