attributes = {
    'binary' : 1,
    'bundles' : ['lh_PoC-PrC_1_1_short',0],
    'byte_order' : 'DCBA',
    'curves_count' : 498,
    'radio' : 0,
    'length' : 0,
    'nSubjects' : 0,
    'data_file_name' : '*.bundlesdata',
    'format' : 'bundles_1.0',
    'io_mode' : 'binary',
    'item_count' : 1,
    'label_type' : 'std_string',
    'labels' : ['255'],
    'object_type' : 'BundleMap',
    'averageRadius' : 12.182746945165125,
    'minRadius' : 7.696293923283889,
    'maxRadius' : 16.79112336591706,
    'averageAngle' : 33.42759193428822,
    'minAngle' : 6.449106525529309,
    'maxAngle' : 77.07121626503461,
    'averageDirectionAngle' : 11.834013900831996,
    'minDirectionAngle' : 3.038860216341342,
    'maxDirectionAngle' : 23.828201800015744,
    'averageShapeAngle' : 18.671528587905325,
    'minShapeAngle' : 6.959722309049752,
    'maxShapeAngle' : 34.514312454754176,
    'averageLength' : 55.89576779622839,
    'minLength' : 44.794862751976,
    'maxLength' : 66.98684417787908,
    'averageDisimilarity' : 8.32652694341158,
    'minDisimilarity' : 0,
    'maxDisimilarity' : 15.55919133412711,
    'density' : 0.0225687,
    'centerBundleX' : 118.105,
    'centerBundleY' : 123.956,
    'centerBundleZ' : 50.2452,
    'resolutionX' : 1,
    'resolutionY' : 1,
    'resolutionZ' : 1,
    'sizeX' : 193,
    'sizeY' : 229,
    'sizeZ' : 193,
    'space_dimension' : 3
,
    'averageDistanceBetweenMedialPoints' : 6.2917036784056,
    'minDistanceBetweenMedialPoints' : 1.7803881469191176,
    'maxDistanceBetweenMedialPoints' : 12.495528258179391,
}