attributes = {
    'binary' : 1,
    'bundles' : ['lh_PoC-PrC_5_short',0],
    'byte_order' : 'DCBA',
    'curves_count' : 483,
    'radio' : 0,
    'length' : 0,
    'nSubjects' : 0,
    'data_file_name' : '*.bundlesdata',
    'format' : 'bundles_1.0',
    'io_mode' : 'binary',
    'item_count' : 1,
    'label_type' : 'std_string',
    'labels' : ['255'],
    'object_type' : 'BundleMap',
    'averageRadius' : 11.92723002437258,
    'minRadius' : 9.714963584318907,
    'maxRadius' : 13.532473797804688,
    'averageAngle' : 19.834429293030606,
    'minAngle' : 4.557593290355704,
    'maxAngle' : 42.93074811770118,
    'averageDirectionAngle' : 15.76114949757344,
    'minDirectionAngle' : 3.269383051470067,
    'maxDirectionAngle' : 33.01890872389129,
    'averageShapeAngle' : 32.72264560430191,
    'minShapeAngle' : 10.069354806338193,
    'maxShapeAngle' : 61.00542928553205,
    'averageLength' : 62.16372128844327,
    'minLength' : 51.222305124102036,
    'maxLength' : 71.66342845395928,
    'averageDisimilarity' : 8.745023505872979,
    'minDisimilarity' : 0,
    'maxDisimilarity' : 15.65624688213929,
    'density' : 0.0449828,
    'centerBundleX' : 139.242,
    'centerBundleY' : 114.201,
    'centerBundleZ' : 66.1148,
    'resolutionX' : 1,
    'resolutionY' : 1,
    'resolutionZ' : 1,
    'sizeX' : 193,
    'sizeY' : 229,
    'sizeZ' : 193,
    'space_dimension' : 3
,
    'averageDistanceBetweenMedialPoints' : 4.364687732517603,
    'minDistanceBetweenMedialPoints' : 1.3039036521148568,
    'maxDistanceBetweenMedialPoints' : 8.527481328591586,
}