attributes = {
    'binary' : 1,
    'bundles' : ['lh_PoC-PoC_5_1_short',0],
    'byte_order' : 'DCBA',
    'curves_count' : 713,
    'radio' : 0,
    'length' : 0,
    'nSubjects' : 0,
    'data_file_name' : '*.bundlesdata',
    'format' : 'bundles_1.0',
    'io_mode' : 'binary',
    'item_count' : 1,
    'label_type' : 'std_string',
    'labels' : ['255'],
    'object_type' : 'BundleMap',
    'averageRadius' : 11.157281102390778,
    'minRadius' : 8.799721675429032,
    'maxRadius' : 13.126476261134249,
    'averageAngle' : 21.746956543016353,
    'minAngle' : 4.847371657369369,
    'maxAngle' : 48.009435225433016,
    'averageDirectionAngle' : 16.314964840921782,
    'minDirectionAngle' : 3.3762315152736098,
    'maxDirectionAngle' : 36.79070522849765,
    'averageShapeAngle' : 31.85648852342303,
    'minShapeAngle' : 8.018798770821359,
    'maxShapeAngle' : 67.3401387729242,
    'averageLength' : 55.312958282280704,
    'minLength' : 45.068822262594324,
    'maxLength' : 65.78492341378414,
    'averageDisimilarity' : 10.150134891628776,
    'minDisimilarity' : 0,
    'maxDisimilarity' : 19.069062421551532,
    'density' : 0.0654163,
    'centerBundleX' : 142.256,
    'centerBundleY' : 112.508,
    'centerBundleZ' : 70.8751,
    'resolutionX' : 1,
    'resolutionY' : 1,
    'resolutionZ' : 1,
    'sizeX' : 193,
    'sizeY' : 229,
    'sizeZ' : 193,
    'space_dimension' : 3
,
    'averageDistanceBetweenMedialPoints' : 4.902477583766351,
    'minDistanceBetweenMedialPoints' : 1.4172286011656896,
    'maxDistanceBetweenMedialPoints' : 10.102328811788972,
}