attributes = {
    'binary' : 1,
    'bundles' : ['lh_PoC-ST_1_short',0],
    'byte_order' : 'DCBA',
    'curves_count' : 59,
    'radio' : 0,
    'length' : 0,
    'nSubjects' : 0,
    'data_file_name' : '*.bundlesdata',
    'format' : 'bundles_1.0',
    'io_mode' : 'binary',
    'item_count' : 1,
    'label_type' : 'std_string',
    'labels' : ['255'],
    'object_type' : 'BundleMap',
    'averageRadius' : 5.004551773668558,
    'minRadius' : 2.374464828732579,
    'maxRadius' : 6.837974159026812,
    'averageAngle' : 34.887672112071215,
    'minAngle' : 8.892351913649089,
    'maxAngle' : 67.78285021982975,
    'averageDirectionAngle' : 25.085702328307498,
    'minDirectionAngle' : 6.679832109120215,
    'maxDirectionAngle' : 48.091035130201966,
    'averageShapeAngle' : 74.59267267975973,
    'minShapeAngle' : 18.5795234093767,
    'maxShapeAngle' : 119.75751854805661,
    'averageLength' : 26.420240366748693,
    'minLength' : 23.319252871960167,
    'maxLength' : 30.26423499343375,
    'averageDisimilarity' : 5.06741208966213,
    'minDisimilarity' : 0,
    'maxDisimilarity' : 8.798701015064053,
    'density' : 0.0518877,
    'centerBundleX' : 148.46,
    'centerBundleY' : 101.955,
    'centerBundleZ' : 103.851,
    'resolutionX' : 1,
    'resolutionY' : 1,
    'resolutionZ' : 1,
    'sizeX' : 193,
    'sizeY' : 229,
    'sizeZ' : 193,
    'space_dimension' : 3
,
    'averageDistanceBetweenMedialPoints' : 5.023936399561713,
    'minDistanceBetweenMedialPoints' : 1.6055512858657335,
    'maxDistanceBetweenMedialPoints' : 9.12832938964234,
}