attributes = {
    'binary' : 1,
    'bundles' : ['lh_PoC-PoC_3_short',0],
    'byte_order' : 'DCBA',
    'curves_count' : 179,
    'radio' : 0,
    'length' : 0,
    'nSubjects' : 0,
    'data_file_name' : '*.bundlesdata',
    'format' : 'bundles_1.0',
    'io_mode' : 'binary',
    'item_count' : 1,
    'label_type' : 'std_string',
    'labels' : ['255'],
    'object_type' : 'BundleMap',
    'averageRadius' : 5.9145423881450485,
    'minRadius' : 3.289900368702055,
    'maxRadius' : 8.77359594755729,
    'averageAngle' : 52.058249228839585,
    'minAngle' : 11.664925053874482,
    'maxAngle' : 85.9368971201243,
    'averageDirectionAngle' : 38.97089636607214,
    'minDirectionAngle' : 9.051129369966286,
    'maxDirectionAngle' : 77.5949607121468,
    'averageShapeAngle' : 69.91951379729448,
    'minShapeAngle' : 22.28863547902151,
    'maxShapeAngle' : 120.3528793694019,
    'averageLength' : 29.493277063113897,
    'minLength' : 23.45021566621876,
    'maxLength' : 36.47589430049586,
    'averageDisimilarity' : 6.188375706688821,
    'minDisimilarity' : 0,
    'maxDisimilarity' : 11.183953945556087,
    'density' : 0.0405944,
    'centerBundleX' : 146.418,
    'centerBundleY' : 107.079,
    'centerBundleZ' : 99.0668,
    'resolutionX' : 1,
    'resolutionY' : 1,
    'resolutionZ' : 1,
    'sizeX' : 193,
    'sizeY' : 229,
    'sizeZ' : 193,
    'space_dimension' : 3
,
    'averageDistanceBetweenMedialPoints' : 6.512076346867933,
    'minDistanceBetweenMedialPoints' : 2.0591050597837235,
    'maxDistanceBetweenMedialPoints' : 11.905679117121743,
}