attributes = {
    'binary' : 1,
    'bundles' : ['lh_PoC-PoC_6_short',0],
    'byte_order' : 'DCBA',
    'curves_count' : 143,
    'radio' : 0,
    'length' : 0,
    'nSubjects' : 0,
    'data_file_name' : '*.bundlesdata',
    'format' : 'bundles_1.0',
    'io_mode' : 'binary',
    'item_count' : 1,
    'label_type' : 'std_string',
    'labels' : ['255'],
    'object_type' : 'BundleMap',
    'averageRadius' : 7.274865831354499,
    'minRadius' : 4.9674046520385335,
    'maxRadius' : 9.684091013833589,
    'averageAngle' : 34.865176468172635,
    'minAngle' : 6.245977315872647,
    'maxAngle' : 82.01641981368746,
    'averageDirectionAngle' : 22.794695695109766,
    'minDirectionAngle' : 4.1091344984341704,
    'maxDirectionAngle' : 49.48393431534449,
    'averageShapeAngle' : 38.78781425606122,
    'minShapeAngle' : 5.512464497541871,
    'maxShapeAngle' : 100.59384181566098,
    'averageLength' : 40.0260067062854,
    'minLength' : 34.6561575727209,
    'maxLength' : 45.79265080053992,
    'averageDisimilarity' : 9.229130853994041,
    'minDisimilarity' : 0,
    'maxDisimilarity' : 17.41506336923767,
    'density' : 0.0241106,
    'centerBundleX' : 146.805,
    'centerBundleY' : 107.678,
    'centerBundleZ' : 77.7593,
    'resolutionX' : 1,
    'resolutionY' : 1,
    'resolutionZ' : 1,
    'sizeX' : 193,
    'sizeY' : 229,
    'sizeZ' : 193,
    'space_dimension' : 3
,
    'averageDistanceBetweenMedialPoints' : 4.019630223532544,
    'minDistanceBetweenMedialPoints' : 1.265461963227604,
    'maxDistanceBetweenMedialPoints' : 7.745749471595696,
}