attributes = {
    'binary' : 1,
    'bundles' : ['lh_PoC-PrC_3_1_short',0],
    'byte_order' : 'DCBA',
    'curves_count' : 1300,
    'radio' : 0,
    'length' : 0,
    'nSubjects' : 0,
    'data_file_name' : '*.bundlesdata',
    'format' : 'bundles_1.0',
    'io_mode' : 'binary',
    'item_count' : 1,
    'label_type' : 'std_string',
    'labels' : ['255'],
    'object_type' : 'BundleMap',
    'averageRadius' : 10.506642827333259,
    'minRadius' : 7.245013458767538,
    'maxRadius' : 14.21474255399344,
    'averageAngle' : 28.98784846252405,
    'minAngle' : 6.90645255315198,
    'maxAngle' : 59.440325226818636,
    'averageDirectionAngle' : 16.697588859749963,
    'minDirectionAngle' : 3.543694294395046,
    'maxDirectionAngle' : 35.225850027569926,
    'averageShapeAngle' : 19.23041220571846,
    'minShapeAngle' : 8.267339241941018,
    'maxShapeAngle' : 35.83427275250967,
    'averageLength' : 50.8495184091789,
    'minLength' : 40.288365926437635,
    'maxLength' : 61.402230775555026,
    'averageDisimilarity' : 9.175946563923677,
    'minDisimilarity' : 0,
    'maxDisimilarity' : 19.933287160214025,
    'density' : 0.0743995,
    'centerBundleX' : 126.352,
    'centerBundleY' : 122.571,
    'centerBundleZ' : 54.0179,
    'resolutionX' : 1,
    'resolutionY' : 1,
    'resolutionZ' : 1,
    'sizeX' : 193,
    'sizeY' : 229,
    'sizeZ' : 193,
    'space_dimension' : 3
,
    'averageDistanceBetweenMedialPoints' : 5.445984860854598,
    'minDistanceBetweenMedialPoints' : 1.7390714382266608,
    'maxDistanceBetweenMedialPoints' : 10.70303313772683,
}