attributes = {
    'binary' : 1,
    'bundles' : ['lh_PoC-PoC_4_short',0],
    'byte_order' : 'DCBA',
    'curves_count' : 730,
    'radio' : 0,
    'length' : 0,
    'nSubjects' : 0,
    'data_file_name' : '*.bundlesdata',
    'format' : 'bundles_1.0',
    'io_mode' : 'binary',
    'item_count' : 1,
    'label_type' : 'std_string',
    'labels' : ['255'],
    'object_type' : 'BundleMap',
    'averageRadius' : 10.852954328065522,
    'minRadius' : 8.192981849989437,
    'maxRadius' : 13.45836200508262,
    'averageAngle' : 20.989286911718768,
    'minAngle' : 3.938204868551127,
    'maxAngle' : 46.17042036211177,
    'averageDirectionAngle' : 12.665540008280454,
    'minDirectionAngle' : 3.1143259044970177,
    'maxDirectionAngle' : 26.536639501083197,
    'averageShapeAngle' : 35.125843753829244,
    'minShapeAngle' : 14.816629427702148,
    'maxShapeAngle' : 57.60217568556181,
    'averageLength' : 56.5055477803084,
    'minLength' : 44.48158224981876,
    'maxLength' : 68.09312985213109,
    'averageDisimilarity' : 8.639667805393445,
    'minDisimilarity' : 0,
    'maxDisimilarity' : 14.67840558954392,
    'density' : 0.0579674,
    'centerBundleX' : 140.862,
    'centerBundleY' : 126.973,
    'centerBundleZ' : 67.2162,
    'resolutionX' : 1,
    'resolutionY' : 1,
    'resolutionZ' : 1,
    'sizeX' : 193,
    'sizeY' : 229,
    'sizeZ' : 193,
    'space_dimension' : 3
,
    'averageDistanceBetweenMedialPoints' : 4.885115481502104,
    'minDistanceBetweenMedialPoints' : 1.6288272740842744,
    'maxDistanceBetweenMedialPoints' : 9.4100505090801,
}