attributes = {
    'binary' : 1,
    'bundles' : ['lh_PoC-PrC_7_short',0],
    'byte_order' : 'DCBA',
    'curves_count' : 982,
    'radio' : 0,
    'length' : 0,
    'nSubjects' : 0,
    'data_file_name' : '*.bundlesdata',
    'format' : 'bundles_1.0',
    'io_mode' : 'binary',
    'item_count' : 1,
    'label_type' : 'std_string',
    'labels' : ['255'],
    'object_type' : 'BundleMap',
    'averageRadius' : 10.600641583220497,
    'minRadius' : 6.818182842055783,
    'maxRadius' : 15.517096021956197,
    'averageAngle' : 31.324685182924362,
    'minAngle' : 6.553867975387006,
    'maxAngle' : 70.70505957394523,
    'averageDirectionAngle' : 15.648933858106295,
    'minDirectionAngle' : 3.7523725065641482,
    'maxDirectionAngle' : 33.513912858450254,
    'averageShapeAngle' : 33.20972109324909,
    'minShapeAngle' : 8.53628569703772,
    'maxShapeAngle' : 64.39305026042261,
    'averageLength' : 53.93116214476727,
    'minLength' : 43.42560725520231,
    'maxLength' : 65.81358780961364,
    'averageDisimilarity' : 9.191026729587646,
    'minDisimilarity' : 0,
    'maxDisimilarity' : 16.03791166485375,
    'density' : 0.0415135,
    'centerBundleX' : 148.062,
    'centerBundleY' : 105.192,
    'centerBundleZ' : 80.8972,
    'resolutionX' : 1,
    'resolutionY' : 1,
    'resolutionZ' : 1,
    'sizeX' : 193,
    'sizeY' : 229,
    'sizeZ' : 193,
    'space_dimension' : 3
,
    'averageDistanceBetweenMedialPoints' : 5.593141064111305,
    'minDistanceBetweenMedialPoints' : 1.7034544316536326,
    'maxDistanceBetweenMedialPoints' : 11.150231519052337,
}