attributes = {
    'binary' : 1,
    'bundles' : ['lh_PoC-PoC_2_short',0],
    'byte_order' : 'DCBA',
    'curves_count' : 282,
    'radio' : 0,
    'length' : 0,
    'nSubjects' : 0,
    'data_file_name' : '*.bundlesdata',
    'format' : 'bundles_1.0',
    'io_mode' : 'binary',
    'item_count' : 1,
    'label_type' : 'std_string',
    'labels' : ['255'],
    'object_type' : 'BundleMap',
    'averageRadius' : 7.680308659865582,
    'minRadius' : 5.019988756340479,
    'maxRadius' : 11.708834807747047,
    'averageAngle' : 32.92284685025573,
    'minAngle' : 6.5928842844392195,
    'maxAngle' : 68.02661397593619,
    'averageDirectionAngle' : 19.134631280206825,
    'minDirectionAngle' : 4.694136980562383,
    'maxDirectionAngle' : 39.204985196444035,
    'averageShapeAngle' : 23.008689813008964,
    'minShapeAngle' : 6.417462860432041,
    'maxShapeAngle' : 46.6756159685165,
    'averageLength' : 37.6296272277832,
    'minLength' : 31.25161817400773,
    'maxLength' : 44.007636281558675,
    'averageDisimilarity' : 7.088550956793996,
    'minDisimilarity' : 0,
    'maxDisimilarity' : 13.701870002833273,
    'density' : 0.0335415,
    'centerBundleX' : 151.591,
    'centerBundleY' : 102.587,
    'centerBundleZ' : 86.1365,
    'resolutionX' : 1,
    'resolutionY' : 1,
    'resolutionZ' : 1,
    'sizeX' : 193,
    'sizeY' : 229,
    'sizeZ' : 193,
    'space_dimension' : 3
,
    'averageDistanceBetweenMedialPoints' : 5.368215471974132,
    'minDistanceBetweenMedialPoints' : 1.583605530599845,
    'maxDistanceBetweenMedialPoints' : 10.038697299236874,
}