attributes = {
    'binary' : 1,
    'bundles' : ['lh_PoC-Ins_2_short',0],
    'byte_order' : 'DCBA',
    'curves_count' : 146,
    'radio' : 0,
    'length' : 0,
    'nSubjects' : 0,
    'data_file_name' : '*.bundlesdata',
    'format' : 'bundles_1.0',
    'io_mode' : 'binary',
    'item_count' : 1,
    'label_type' : 'std_string',
    'labels' : ['255'],
    'object_type' : 'BundleMap',
    'averageRadius' : 9.199522302898194,
    'minRadius' : 6.105001076923063,
    'maxRadius' : 12.967536912090548,
    'averageAngle' : 25.44147532885215,
    'minAngle' : 5.717149286544047,
    'maxAngle' : 54.53199365976657,
    'averageDirectionAngle' : 28.001252052279018,
    'minDirectionAngle' : 6.986904032630733,
    'maxDirectionAngle' : 55.9256086537585,
    'averageShapeAngle' : 43.84793268427221,
    'minShapeAngle' : 8.736708206726437,
    'maxShapeAngle' : 91.19779363590305,
    'averageLength' : 45.55999448933767,
    'minLength' : 36.42013391508603,
    'maxLength' : 53.38808432438486,
    'averageDisimilarity' : 9.754218673148754,
    'minDisimilarity' : 0,
    'maxDisimilarity' : 17.47084222298599,
    'density' : 0.0125847,
    'centerBundleX' : 136.487,
    'centerBundleY' : 110.155,
    'centerBundleZ' : 98.7192,
    'resolutionX' : 1,
    'resolutionY' : 1,
    'resolutionZ' : 1,
    'sizeX' : 193,
    'sizeY' : 229,
    'sizeZ' : 193,
    'space_dimension' : 3
,
    'averageDistanceBetweenMedialPoints' : 8.44214877730098,
    'minDistanceBetweenMedialPoints' : 2.2398752735792034,
    'maxDistanceBetweenMedialPoints' : 16.309812394664966,
}