attributes = {
    'binary' : 1,
    'bundles' : ['rh_PoC-PoC_5_short',0],
    'byte_order' : 'DCBA',
    'curves_count' : 127,
    'radio' : 0,
    'length' : 0,
    'nSubjects' : 0,
    'data_file_name' : '*.bundlesdata',
    'format' : 'bundles_1.0',
    'io_mode' : 'binary',
    'item_count' : 1,
    'label_type' : 'std_string',
    'labels' : ['255'],
    'object_type' : 'BundleMap',
    'averageRadius' : 11.157898709220781,
    'minRadius' : 6.344432448979006,
    'maxRadius' : 16.434182397456773,
    'averageAngle' : 26.28691016164247,
    'minAngle' : 6.1483948851264545,
    'maxAngle' : 49.67731038284149,
    'averageDirectionAngle' : 24.754897503158627,
    'minDirectionAngle' : 5.550749564552757,
    'maxDirectionAngle' : 49.36430997267387,
    'averageShapeAngle' : 20.23474174530137,
    'minShapeAngle' : 4.3028140744910015,
    'maxShapeAngle' : 45.30867901408393,
    'averageLength' : 54.083469628708016,
    'minLength' : 45.90725077194664,
    'maxLength' : 60.81210257923502,
    'averageDisimilarity' : 8.863851941705049,
    'minDisimilarity' : 0,
    'maxDisimilarity' : 15.035819130170148,
    'density' : 0.00675613,
    'centerBundleX' : 40.2486,
    'centerBundleY' : 102.155,
    'centerBundleZ' : 91.8911,
    'resolutionX' : 1,
    'resolutionY' : 1,
    'resolutionZ' : 1,
    'sizeX' : 193,
    'sizeY' : 229,
    'sizeZ' : 193,
    'space_dimension' : 3
,
    'averageDistanceBetweenMedialPoints' : 6.024247711448787,
    'minDistanceBetweenMedialPoints' : 1.724443742884851,
    'maxDistanceBetweenMedialPoints' : 11.230781176750499,
}