attributes = {
    'binary' : 1,
    'bundles' : ['rh_PoC-PoC_4_short',0],
    'byte_order' : 'DCBA',
    'curves_count' : 121,
    'radio' : 0,
    'length' : 0,
    'nSubjects' : 0,
    'data_file_name' : '*.bundlesdata',
    'format' : 'bundles_1.0',
    'io_mode' : 'binary',
    'item_count' : 1,
    'label_type' : 'std_string',
    'labels' : ['255'],
    'object_type' : 'BundleMap',
    'averageRadius' : 7.090313879158284,
    'minRadius' : 4.686297868472714,
    'maxRadius' : 9.875310186982388,
    'averageAngle' : 27.13890878967266,
    'minAngle' : 6.305157741135007,
    'maxAngle' : 55.72411549975965,
    'averageDirectionAngle' : 21.053391049830747,
    'minDirectionAngle' : 5.490355123031986,
    'maxDirectionAngle' : 42.12802352045387,
    'averageShapeAngle' : 37.22220628370573,
    'minShapeAngle' : 5.891182749825637,
    'maxShapeAngle' : 74.7299265387586,
    'averageLength' : 36.9832763671875,
    'minLength' : 29.726901098331343,
    'maxLength' : 44.239651636043654,
    'averageDisimilarity' : 7.495327129414331,
    'minDisimilarity' : 0,
    'maxDisimilarity' : 12.205653435733991,
    'density' : 0.0274299,
    'centerBundleX' : 39.4706,
    'centerBundleY' : 112.282,
    'centerBundleZ' : 81.3423,
    'resolutionX' : 1,
    'resolutionY' : 1,
    'resolutionZ' : 1,
    'sizeX' : 193,
    'sizeY' : 229,
    'sizeZ' : 193,
    'space_dimension' : 3
,
    'averageDistanceBetweenMedialPoints' : 5.052758828676889,
    'minDistanceBetweenMedialPoints' : 1.7162674358871688,
    'maxDistanceBetweenMedialPoints' : 9.277290224839398,
}