attributes = {
    'binary' : 1,
    'bundles' : ['rh_PoC-SP_2_short',0],
    'byte_order' : 'DCBA',
    'curves_count' : 363,
    'radio' : 0,
    'length' : 0,
    'nSubjects' : 0,
    'data_file_name' : '*.bundlesdata',
    'format' : 'bundles_1.0',
    'io_mode' : 'binary',
    'item_count' : 1,
    'label_type' : 'std_string',
    'labels' : ['255'],
    'object_type' : 'BundleMap',
    'averageRadius' : 6.917625786995981,
    'minRadius' : 4.4458875643088565,
    'maxRadius' : 10.124191737098872,
    'averageAngle' : 30.140096210244213,
    'minAngle' : 6.204022356006036,
    'maxAngle' : 64.09365372740555,
    'averageDirectionAngle' : 19.67947892870107,
    'minDirectionAngle' : 4.7765145542548355,
    'maxDirectionAngle' : 41.06064973093087,
    'averageShapeAngle' : 32.916479738600394,
    'minShapeAngle' : 12.413091152875836,
    'maxShapeAngle' : 64.5582413664882,
    'averageLength' : 33.72924251566002,
    'minLength' : 26.43137553030779,
    'maxLength' : 39.922773174647645,
    'averageDisimilarity' : 5.735209775321845,
    'minDisimilarity' : 0,
    'maxDisimilarity' : 10.71633283032794,
    'density' : 0.0483237,
    'centerBundleX' : 72.9652,
    'centerBundleY' : 133.991,
    'centerBundleZ' : 47.9525,
    'resolutionX' : 1,
    'resolutionY' : 1,
    'resolutionZ' : 1,
    'sizeX' : 193,
    'sizeY' : 229,
    'sizeZ' : 193,
    'space_dimension' : 3
,
    'averageDistanceBetweenMedialPoints' : 4.992738442076525,
    'minDistanceBetweenMedialPoints' : 1.5078830501523213,
    'maxDistanceBetweenMedialPoints' : 9.43183621548994,
}