attributes = {
    'binary' : 1,
    'bundles' : ['rh_PoC-SP_1_1_short',0],
    'byte_order' : 'DCBA',
    'curves_count' : 423,
    'radio' : 0,
    'length' : 0,
    'nSubjects' : 0,
    'data_file_name' : '*.bundlesdata',
    'format' : 'bundles_1.0',
    'io_mode' : 'binary',
    'item_count' : 1,
    'label_type' : 'std_string',
    'labels' : ['255'],
    'object_type' : 'BundleMap',
    'averageRadius' : 10.210803012590327,
    'minRadius' : 6.567331720728451,
    'maxRadius' : 15.285052999029816,
    'averageAngle' : 23.87252011647258,
    'minAngle' : 5.731150944914989,
    'maxAngle' : 48.16564830939504,
    'averageDirectionAngle' : 14.424060784050521,
    'minDirectionAngle' : 3.125965720486901,
    'maxDirectionAngle' : 30.58668707272545,
    'averageShapeAngle' : 21.87344738442654,
    'minShapeAngle' : 9.528289257350606,
    'maxShapeAngle' : 37.51430688848241,
    'averageLength' : 47.15780644045745,
    'minLength' : 37.259281696815265,
    'maxLength' : 59.12312197834733,
    'averageDisimilarity' : 7.329057108352915,
    'minDisimilarity' : 0,
    'maxDisimilarity' : 14.001732954955271,
    'density' : 0.0238742,
    'centerBundleX' : 68.2959,
    'centerBundleY' : 134.884,
    'centerBundleZ' : 52.8077,
    'resolutionX' : 1,
    'resolutionY' : 1,
    'resolutionZ' : 1,
    'sizeX' : 193,
    'sizeY' : 229,
    'sizeZ' : 193,
    'space_dimension' : 3
,
    'averageDistanceBetweenMedialPoints' : 6.1371545452673155,
    'minDistanceBetweenMedialPoints' : 1.6850614363822065,
    'maxDistanceBetweenMedialPoints' : 12.235557858570552,
}