attributes = {
    'binary' : 1,
    'bundles' : ['rh_PoC-PrC_2_short',0],
    'byte_order' : 'DCBA',
    'curves_count' : 1190,
    'radio' : 0,
    'length' : 0,
    'nSubjects' : 0,
    'data_file_name' : '*.bundlesdata',
    'format' : 'bundles_1.0',
    'io_mode' : 'binary',
    'item_count' : 1,
    'label_type' : 'std_string',
    'labels' : ['255'],
    'object_type' : 'BundleMap',
    'averageRadius' : 10.71247434915073,
    'minRadius' : 8.726350306842052,
    'maxRadius' : 12.912147555878434,
    'averageAngle' : 16.680172233168935,
    'minAngle' : 4.025828759206582,
    'maxAngle' : 34.20070997511569,
    'averageDirectionAngle' : 11.517164569434616,
    'minDirectionAngle' : 2.790110913197305,
    'maxDirectionAngle' : 23.727553048419608,
    'averageShapeAngle' : 62.86942023260164,
    'minShapeAngle' : 34.29728758981501,
    'maxShapeAngle' : 86.0326415604275,
    'averageLength' : 68.44668965934369,
    'minLength' : 61.31530773649348,
    'maxLength' : 76.2464154917912,
    'averageDisimilarity' : 8.027590806565518,
    'minDisimilarity' : 0,
    'maxDisimilarity' : 13.430451454457769,
    'density' : 0.107933,
    'centerBundleX' : 60.6263,
    'centerBundleY' : 116.428,
    'centerBundleZ' : 61.7581,
    'resolutionX' : 1,
    'resolutionY' : 1,
    'resolutionZ' : 1,
    'sizeX' : 193,
    'sizeY' : 229,
    'sizeZ' : 193,
    'space_dimension' : 3
,
    'averageDistanceBetweenMedialPoints' : 3.959470189825414,
    'minDistanceBetweenMedialPoints' : 1.3179352061710827,
    'maxDistanceBetweenMedialPoints' : 7.554646775799771,
}