attributes = {
    'binary' : 1,
    'bundles' : ['rh_PoC-SM_1_short',0],
    'byte_order' : 'DCBA',
    'curves_count' : 70,
    'radio' : 0,
    'length' : 0,
    'nSubjects' : 0,
    'data_file_name' : '*.bundlesdata',
    'format' : 'bundles_1.0',
    'io_mode' : 'binary',
    'item_count' : 1,
    'label_type' : 'std_string',
    'labels' : ['255'],
    'object_type' : 'BundleMap',
    'averageRadius' : 6.215790524425708,
    'minRadius' : 4.238069246390645,
    'maxRadius' : 8.49317646723042,
    'averageAngle' : 35.65555152563734,
    'minAngle' : 7.612836421287167,
    'maxAngle' : 71.70492759163487,
    'averageDirectionAngle' : 21.878142623224637,
    'minDirectionAngle' : 4.7000962409696845,
    'maxDirectionAngle' : 43.978001201689196,
    'averageShapeAngle' : 31.796330497403595,
    'minShapeAngle' : 6.636784667602534,
    'maxShapeAngle' : 61.735468224798055,
    'averageLength' : 32.294378912385156,
    'minLength' : 27.98519267373532,
    'maxLength' : 37.30156038688428,
    'averageDisimilarity' : 6.000158128310359,
    'minDisimilarity' : 0,
    'maxDisimilarity' : 10.9319826642949,
    'density' : 0.0265063,
    'centerBundleX' : 37.6544,
    'centerBundleY' : 112.241,
    'centerBundleZ' : 86.48,
    'resolutionX' : 1,
    'resolutionY' : 1,
    'resolutionZ' : 1,
    'sizeX' : 193,
    'sizeY' : 229,
    'sizeZ' : 193,
    'space_dimension' : 3
,
    'averageDistanceBetweenMedialPoints' : 3.748409157259295,
    'minDistanceBetweenMedialPoints' : 1.2683094306587124,
    'maxDistanceBetweenMedialPoints' : 6.778597501146411,
}