attributes = {
    'binary' : 1,
    'bundles' : ['rh_PoC-PrC_4_2_short',0],
    'byte_order' : 'DCBA',
    'curves_count' : 238,
    'radio' : 0,
    'length' : 0,
    'nSubjects' : 0,
    'data_file_name' : '*.bundlesdata',
    'format' : 'bundles_1.0',
    'io_mode' : 'binary',
    'item_count' : 1,
    'label_type' : 'std_string',
    'labels' : ['255'],
    'object_type' : 'BundleMap',
    'averageRadius' : 3.3427969402740674,
    'minRadius' : 1.1298325380949246,
    'maxRadius' : 7.051695419474605,
    'averageAngle' : 34.67554617717761,
    'minAngle' : 7.3079453405122905,
    'maxAngle' : 77.65195315662845,
    'averageDirectionAngle' : 35.893219255713724,
    'minDirectionAngle' : 6.970200422554168,
    'maxDirectionAngle' : 84.74023799451201,
    'averageShapeAngle' : 121.64248621440112,
    'minShapeAngle' : 82.42554246530159,
    'maxShapeAngle' : 155.70523556448882,
    'averageLength' : 26.1628070646808,
    'minLength' : 22.05719637563636,
    'maxLength' : 30.406109222933928,
    'averageDisimilarity' : 4.816942177681793,
    'minDisimilarity' : 0,
    'maxDisimilarity' : 9.530864322587604,
    'density' : 0.0712526,
    'centerBundleX' : 59.4078,
    'centerBundleY' : 114.31,
    'centerBundleZ' : 58.0873,
    'resolutionX' : 1,
    'resolutionY' : 1,
    'resolutionZ' : 1,
    'sizeX' : 193,
    'sizeY' : 229,
    'sizeZ' : 193,
    'space_dimension' : 3
,
    'averageDistanceBetweenMedialPoints' : 4.190625990236773,
    'minDistanceBetweenMedialPoints' : 1.1962702086183032,
    'maxDistanceBetweenMedialPoints' : 8.373992196485267,
}