attributes = {
    'binary' : 1,
    'bundles' : ['rh_PoC-SP_1_2_short',0],
    'byte_order' : 'DCBA',
    'curves_count' : 112,
    'radio' : 0,
    'length' : 0,
    'nSubjects' : 0,
    'data_file_name' : '*.bundlesdata',
    'format' : 'bundles_1.0',
    'io_mode' : 'binary',
    'item_count' : 1,
    'label_type' : 'std_string',
    'labels' : ['255'],
    'object_type' : 'BundleMap',
    'averageRadius' : 7.720380221245379,
    'minRadius' : 5.702834844455566,
    'maxRadius' : 10.487940585622699,
    'averageAngle' : 30.68652146781621,
    'minAngle' : 7.477287555666885,
    'maxAngle' : 61.58935322672108,
    'averageDirectionAngle' : 21.83033000040646,
    'minDirectionAngle' : 5.461385421359116,
    'maxDirectionAngle' : 43.93660746984521,
    'averageShapeAngle' : 30.018617958192834,
    'minShapeAngle' : 11.832328017985237,
    'maxShapeAngle' : 59.376999683718545,
    'averageLength' : 38.38859641346798,
    'minLength' : 33.23013026271605,
    'maxLength' : 44.37693745349942,
    'averageDisimilarity' : 6.5680916505487295,
    'minDisimilarity' : 0,
    'maxDisimilarity' : 13.769578587282647,
    'density' : 0.0248465,
    'centerBundleX' : 67.0342,
    'centerBundleY' : 133.437,
    'centerBundleZ' : 53.3001,
    'resolutionX' : 1,
    'resolutionY' : 1,
    'resolutionZ' : 1,
    'sizeX' : 193,
    'sizeY' : 229,
    'sizeZ' : 193,
    'space_dimension' : 3
,
    'averageDistanceBetweenMedialPoints' : 5.291044548096984,
    'minDistanceBetweenMedialPoints' : 1.531409234873568,
    'maxDistanceBetweenMedialPoints' : 10.322874606993258,
}