attributes = {
    'binary' : 1,
    'bundles' : ['rh_PoC-PoC_3_short',0],
    'byte_order' : 'DCBA',
    'curves_count' : 385,
    'radio' : 0,
    'length' : 0,
    'nSubjects' : 0,
    'data_file_name' : '*.bundlesdata',
    'format' : 'bundles_1.0',
    'io_mode' : 'binary',
    'item_count' : 1,
    'label_type' : 'std_string',
    'labels' : ['255'],
    'object_type' : 'BundleMap',
    'averageRadius' : 10.800783486926298,
    'minRadius' : 7.276712397461231,
    'maxRadius' : 13.784993159791226,
    'averageAngle' : 20.455527870312714,
    'minAngle' : 4.036792821128495,
    'maxAngle' : 46.84495934324382,
    'averageDirectionAngle' : 15.53852019147845,
    'minDirectionAngle' : 3.745273740853446,
    'maxDirectionAngle' : 31.878892336920927,
    'averageShapeAngle' : 35.007668352848476,
    'minShapeAngle' : 8.538442004838872,
    'maxShapeAngle' : 75.44143723015468,
    'averageLength' : 52.17368571053692,
    'minLength' : 38.76992186777992,
    'maxLength' : 66.88476435234793,
    'averageDisimilarity' : 9.83643094516862,
    'minDisimilarity' : 0,
    'maxDisimilarity' : 17.826953357572453,
    'density' : 0.0198998,
    'centerBundleX' : 48.7795,
    'centerBundleY' : 115.53,
    'centerBundleZ' : 67.2345,
    'resolutionX' : 1,
    'resolutionY' : 1,
    'resolutionZ' : 1,
    'sizeX' : 193,
    'sizeY' : 229,
    'sizeZ' : 193,
    'space_dimension' : 3
,
    'averageDistanceBetweenMedialPoints' : 5.5513982372225925,
    'minDistanceBetweenMedialPoints' : 1.5203663475518485,
    'maxDistanceBetweenMedialPoints' : 11.626183644637464,
}