attributes = {
    'binary' : 1,
    'bundles' : ['rh_PoC-PrC_3_2_short',0],
    'byte_order' : 'DCBA',
    'curves_count' : 527,
    'radio' : 0,
    'length' : 0,
    'nSubjects' : 0,
    'data_file_name' : '*.bundlesdata',
    'format' : 'bundles_1.0',
    'io_mode' : 'binary',
    'item_count' : 1,
    'label_type' : 'std_string',
    'labels' : ['255'],
    'object_type' : 'BundleMap',
    'averageRadius' : 6.629554748535156,
    'minRadius' : 3.5163905566563587,
    'maxRadius' : 9.742718940413953,
    'averageAngle' : 28.724668812925316,
    'minAngle' : 5.7979737608473885,
    'maxAngle' : 65.42153518200996,
    'averageDirectionAngle' : 25.292537250503386,
    'minDirectionAngle' : 4.993945984087726,
    'maxDirectionAngle' : 58.25572396076901,
    'averageShapeAngle' : 40.49482578258018,
    'minShapeAngle' : 8.14154095927059,
    'maxShapeAngle' : 107.36528462667357,
    'averageLength' : 38.91816711425781,
    'minLength' : 30.1811175366215,
    'maxLength' : 47.65521669189412,
    'averageDisimilarity' : 8.017609905317745,
    'minDisimilarity' : 0,
    'maxDisimilarity' : 17.118527345442768,
    'density' : 0.0903917,
    'centerBundleX' : 67.8824,
    'centerBundleY' : 122.723,
    'centerBundleZ' : 54.4331,
    'resolutionX' : 1,
    'resolutionY' : 1,
    'resolutionZ' : 1,
    'sizeX' : 193,
    'sizeY' : 229,
    'sizeZ' : 193,
    'space_dimension' : 3
,
    'averageDistanceBetweenMedialPoints' : 4.589685795979562,
    'minDistanceBetweenMedialPoints' : 1.446821018683202,
    'maxDistanceBetweenMedialPoints' : 8.787490720572038,
}