attributes = {
    'binary' : 1,
    'bundles' : ['rh_PoC-PoC_7_short',0],
    'byte_order' : 'DCBA',
    'curves_count' : 163,
    'radio' : 0,
    'length' : 0,
    'nSubjects' : 0,
    'data_file_name' : '*.bundlesdata',
    'format' : 'bundles_1.0',
    'io_mode' : 'binary',
    'item_count' : 1,
    'label_type' : 'std_string',
    'labels' : ['255'],
    'object_type' : 'BundleMap',
    'averageRadius' : 10.995998764027227,
    'minRadius' : 8.024920684297877,
    'maxRadius' : 14.52752343256175,
    'averageAngle' : 34.35203417319753,
    'minAngle' : 6.86047446370745,
    'maxAngle' : 78.01804851398674,
    'averageDirectionAngle' : 17.736977325626523,
    'minDirectionAngle' : 3.6971972454850723,
    'maxDirectionAngle' : 38.26076411882611,
    'averageShapeAngle' : 27.59168005957101,
    'minShapeAngle' : 7.435616771316944,
    'maxShapeAngle' : 60.32518968595812,
    'averageLength' : 52.673851013183594,
    'minLength' : 45.22036879622435,
    'maxLength' : 60.12733323014284,
    'averageDisimilarity' : 9.60313923357441,
    'minDisimilarity' : 0,
    'maxDisimilarity' : 17.00623791329696,
    'density' : 0.0104331,
    'centerBundleX' : 49.5842,
    'centerBundleY' : 106.849,
    'centerBundleZ' : 75.0885,
    'resolutionX' : 1,
    'resolutionY' : 1,
    'resolutionZ' : 1,
    'sizeX' : 193,
    'sizeY' : 229,
    'sizeZ' : 193,
    'space_dimension' : 3
,
    'averageDistanceBetweenMedialPoints' : 6.392447991010944,
    'minDistanceBetweenMedialPoints' : 1.8158986652442632,
    'maxDistanceBetweenMedialPoints' : 12.546872107697018,
}