attributes = {
    'binary' : 1,
    'bundles' : ['rh_PoC-SP_3_short',0],
    'byte_order' : 'DCBA',
    'curves_count' : 238,
    'radio' : 0,
    'length' : 0,
    'nSubjects' : 0,
    'data_file_name' : '*.bundlesdata',
    'format' : 'bundles_1.0',
    'io_mode' : 'binary',
    'item_count' : 1,
    'label_type' : 'std_string',
    'labels' : ['255'],
    'object_type' : 'BundleMap',
    'averageRadius' : 9.920724083696754,
    'minRadius' : 7.166223742625796,
    'maxRadius' : 12.722958069789634,
    'averageAngle' : 19.29778778125714,
    'minAngle' : 4.820291147873801,
    'maxAngle' : 38.41472041779504,
    'averageDirectionAngle' : 18.42408639548411,
    'minDirectionAngle' : 4.539575180767161,
    'maxDirectionAngle' : 36.906616519926715,
    'averageShapeAngle' : 29.843722854095034,
    'minShapeAngle' : 11.773508010396537,
    'maxShapeAngle' : 51.2319670110593,
    'averageLength' : 48.86366653442383,
    'minLength' : 39.585032661400724,
    'maxLength' : 58.14230040744693,
    'averageDisimilarity' : 8.344240055773685,
    'minDisimilarity' : 0,
    'maxDisimilarity' : 15.378762503350059,
    'density' : 0.0205005,
    'centerBundleX' : 63.1356,
    'centerBundleY' : 134.114,
    'centerBundleZ' : 58.2604,
    'resolutionX' : 1,
    'resolutionY' : 1,
    'resolutionZ' : 1,
    'sizeX' : 193,
    'sizeY' : 229,
    'sizeZ' : 193,
    'space_dimension' : 3
,
    'averageDistanceBetweenMedialPoints' : 5.7091212957115545,
    'minDistanceBetweenMedialPoints' : 1.842180363778515,
    'maxDistanceBetweenMedialPoints' : 10.431245547950201,
}