attributes = {
    'binary' : 1,
    'bundles' : ['rh_PoC-PoC_2_short',0],
    'byte_order' : 'DCBA',
    'curves_count' : 137,
    'radio' : 0,
    'length' : 0,
    'nSubjects' : 0,
    'data_file_name' : '*.bundlesdata',
    'format' : 'bundles_1.0',
    'io_mode' : 'binary',
    'item_count' : 1,
    'label_type' : 'std_string',
    'labels' : ['255'],
    'object_type' : 'BundleMap',
    'averageRadius' : 7.517689670778399,
    'minRadius' : 4.349159021635724,
    'maxRadius' : 10.410626228442233,
    'averageAngle' : 27.030232920109352,
    'minAngle' : 5.3997980288456455,
    'maxAngle' : 67.332300807103,
    'averageDirectionAngle' : 24.703092233619635,
    'minDirectionAngle' : 4.904607574506613,
    'maxDirectionAngle' : 60.41898201178476,
    'averageShapeAngle' : 43.00207769677704,
    'minShapeAngle' : 6.682704838237752,
    'maxShapeAngle' : 120.84122120906208,
    'averageLength' : 44.41121312113968,
    'minLength' : 37.32780994377252,
    'maxLength' : 53.58103020568745,
    'averageDisimilarity' : 12.231389586817919,
    'minDisimilarity' : 0,
    'maxDisimilarity' : 20.9229991474714,
    'density' : 0.0279398,
    'centerBundleX' : 53.3381,
    'centerBundleY' : 110.131,
    'centerBundleZ' : 69.3744,
    'resolutionX' : 1,
    'resolutionY' : 1,
    'resolutionZ' : 1,
    'sizeX' : 193,
    'sizeY' : 229,
    'sizeZ' : 193,
    'space_dimension' : 3
,
    'averageDistanceBetweenMedialPoints' : 4.564147663373936,
    'minDistanceBetweenMedialPoints' : 1.5163162041872082,
    'maxDistanceBetweenMedialPoints' : 8.193563692948842,
}