attributes = {
    'binary' : 1,
    'bundles' : ['rh_PoC-PrC_3_1_short',0],
    'byte_order' : 'DCBA',
    'curves_count' : 1728,
    'radio' : 0,
    'length' : 0,
    'nSubjects' : 0,
    'data_file_name' : '*.bundlesdata',
    'format' : 'bundles_1.0',
    'io_mode' : 'binary',
    'item_count' : 1,
    'label_type' : 'std_string',
    'labels' : ['255'],
    'object_type' : 'BundleMap',
    'averageRadius' : 10.520026723190973,
    'minRadius' : 7.439679615921277,
    'maxRadius' : 13.388469506451015,
    'averageAngle' : 26.092269689627976,
    'minAngle' : 5.857794934253056,
    'maxAngle' : 57.47554707408096,
    'averageDirectionAngle' : 14.639121864273308,
    'minDirectionAngle' : 2.925676950639567,
    'maxDirectionAngle' : 33.85303181543141,
    'averageShapeAngle' : 19.78087997489407,
    'minShapeAngle' : 7.273500671919481,
    'maxShapeAngle' : 38.69006099440968,
    'averageLength' : 50.49924881645832,
    'minLength' : 37.588666488035614,
    'maxLength' : 61.27625758017487,
    'averageDisimilarity' : 9.06298769224062,
    'minDisimilarity' : 0,
    'maxDisimilarity' : 19.38071839256452,
    'density' : 0.127392,
    'centerBundleX' : 67.7455,
    'centerBundleY' : 121.602,
    'centerBundleZ' : 53.8112,
    'resolutionX' : 1,
    'resolutionY' : 1,
    'resolutionZ' : 1,
    'sizeX' : 193,
    'sizeY' : 229,
    'sizeZ' : 193,
    'space_dimension' : 3
,
    'averageDistanceBetweenMedialPoints' : 5.196972489520767,
    'minDistanceBetweenMedialPoints' : 1.6995660466460774,
    'maxDistanceBetweenMedialPoints' : 9.886858485975411,
}