attributes = {
    'binary' : 1,
    'bundles' : ['rh_PoC-PrC_1_short',0],
    'byte_order' : 'DCBA',
    'curves_count' : 219,
    'radio' : 0,
    'length' : 0,
    'nSubjects' : 0,
    'data_file_name' : '*.bundlesdata',
    'format' : 'bundles_1.0',
    'io_mode' : 'binary',
    'item_count' : 1,
    'label_type' : 'std_string',
    'labels' : ['255'],
    'object_type' : 'BundleMap',
    'averageRadius' : 8.927685449557911,
    'minRadius' : 5.035220336290588,
    'maxRadius' : 14.68917768931723,
    'averageAngle' : 38.52603340193251,
    'minAngle' : 8.856176039837916,
    'maxAngle' : 82.24835563004186,
    'averageDirectionAngle' : 24.13625376420514,
    'minDirectionAngle' : 5.588936172417497,
    'maxDirectionAngle' : 52.67518291329529,
    'averageShapeAngle' : 33.072050368552546,
    'minShapeAngle' : 11.64669051136763,
    'maxShapeAngle' : 72.79298632440045,
    'averageLength' : 36.42799592170243,
    'minLength' : 29.183056548427246,
    'maxLength' : 41.55161275723061,
    'averageDisimilarity' : 8.327285762276833,
    'minDisimilarity' : 0,
    'maxDisimilarity' : 15.613403508836509,
    'density' : 0.014765,
    'centerBundleX' : 78.8576,
    'centerBundleY' : 124.914,
    'centerBundleZ' : 47.4179,
    'resolutionX' : 1,
    'resolutionY' : 1,
    'resolutionZ' : 1,
    'sizeX' : 193,
    'sizeY' : 229,
    'sizeZ' : 193,
    'space_dimension' : 3
,
    'averageDistanceBetweenMedialPoints' : 8.300699576528856,
    'minDistanceBetweenMedialPoints' : 1.55399169184037,
    'maxDistanceBetweenMedialPoints' : 17.978089596162988,
}