attributes = {
    'binary' : 1,
    'bundles' : ['rh_PoC-PrC_4_1_short',0],
    'byte_order' : 'DCBA',
    'curves_count' : 345,
    'radio' : 0,
    'length' : 0,
    'nSubjects' : 0,
    'data_file_name' : '*.bundlesdata',
    'format' : 'bundles_1.0',
    'io_mode' : 'binary',
    'item_count' : 1,
    'label_type' : 'std_string',
    'labels' : ['255'],
    'object_type' : 'BundleMap',
    'averageRadius' : 9.926300066846066,
    'minRadius' : 6.403954565756638,
    'maxRadius' : 12.819933258543294,
    'averageAngle' : 37.70555095005594,
    'minAngle' : 7.2353015153658315,
    'maxAngle' : 85.96034991055404,
    'averageDirectionAngle' : 28.16779006059733,
    'minDirectionAngle' : 3.616806501525207,
    'maxDirectionAngle' : 75.87593847701682,
    'averageShapeAngle' : 34.06409918568001,
    'minShapeAngle' : 8.913594639682305,
    'maxShapeAngle' : 79.52191377100165,
    'averageLength' : 47.79576542179809,
    'minLength' : 32.62223645011085,
    'maxLength' : 57.14199855044343,
    'averageDisimilarity' : 11.664525973895648,
    'minDisimilarity' : 0,
    'maxDisimilarity' : 24.065813874610065,
    'density' : 0.0370135,
    'centerBundleX' : 56.7798,
    'centerBundleY' : 112.943,
    'centerBundleZ' : 61.8995,
    'resolutionX' : 1,
    'resolutionY' : 1,
    'resolutionZ' : 1,
    'sizeX' : 193,
    'sizeY' : 229,
    'sizeZ' : 193,
    'space_dimension' : 3
,
    'averageDistanceBetweenMedialPoints' : 6.124397879623639,
    'minDistanceBetweenMedialPoints' : 1.778424558054518,
    'maxDistanceBetweenMedialPoints' : 11.770758145647008,
}