attributes = {
    'binary' : 1,
    'bundles' : ['rh_PoC-PoC_1_short',0],
    'byte_order' : 'DCBA',
    'curves_count' : 82,
    'radio' : 0,
    'length' : 0,
    'nSubjects' : 0,
    'data_file_name' : '*.bundlesdata',
    'format' : 'bundles_1.0',
    'io_mode' : 'binary',
    'item_count' : 1,
    'label_type' : 'std_string',
    'labels' : ['255'],
    'object_type' : 'BundleMap',
    'averageRadius' : 3.758990012842928,
    'minRadius' : 1.3800167851343945,
    'maxRadius' : 8.715266518871372,
    'averageAngle' : 44.75091636958545,
    'minAngle' : 6.169844126066845,
    'maxAngle' : 84.03182208658065,
    'averageDirectionAngle' : 50.719812214544135,
    'minDirectionAngle' : 7.285697883044314,
    'maxDirectionAngle' : 116.52262537456339,
    'averageShapeAngle' : 123.92432124242757,
    'minShapeAngle' : 59.81773324528939,
    'maxShapeAngle' : 166.2819137522442,
    'averageLength' : 28.432776491831714,
    'minLength' : 23.748055430400026,
    'maxLength' : 33.89796754359959,
    'averageDisimilarity' : 7.322279530505898,
    'minDisimilarity' : 0,
    'maxDisimilarity' : 15.55469609620041,
    'density' : 0.0219586,
    'centerBundleX' : 47.6685,
    'centerBundleY' : 119.467,
    'centerBundleZ' : 56.3909,
    'resolutionX' : 1,
    'resolutionY' : 1,
    'resolutionZ' : 1,
    'sizeX' : 193,
    'sizeY' : 229,
    'sizeZ' : 193,
    'space_dimension' : 3
,
    'averageDistanceBetweenMedialPoints' : 5.1516565740982,
    'minDistanceBetweenMedialPoints' : 1.3746479852950424,
    'maxDistanceBetweenMedialPoints' : 10.11799106617215,
}