attributes = {
    'binary' : 1,
    'bundles' : ['rh_PC-PoC_1_short',0],
    'byte_order' : 'DCBA',
    'curves_count' : 145,
    'radio' : 0,
    'length' : 0,
    'nSubjects' : 0,
    'data_file_name' : '*.bundlesdata',
    'format' : 'bundles_1.0',
    'io_mode' : 'binary',
    'item_count' : 1,
    'label_type' : 'std_string',
    'labels' : ['255'],
    'object_type' : 'BundleMap',
    'averageRadius' : 3.2317565922773244,
    'minRadius' : 1.24694780533462,
    'maxRadius' : 5.698901100858796,
    'averageAngle' : 44.67051083652726,
    'minAngle' : 7.673070314345068,
    'maxAngle' : 82.55258304612248,
    'averageDirectionAngle' : 80.84170392078795,
    'minDirectionAngle' : 12.34317381221867,
    'maxDirectionAngle' : 157.25442203910723,
    'averageShapeAngle' : 133.68530410272308,
    'minShapeAngle' : 86.39788089209023,
    'maxShapeAngle' : 163.37344192123405,
    'averageLength' : 24.503264078975057,
    'minLength' : 20.547591942982496,
    'maxLength' : 29.478138528695485,
    'averageDisimilarity' : 5.7570025250445545,
    'minDisimilarity' : 0,
    'maxDisimilarity' : 12.138243196021282,
    'density' : 0.133767,
    'centerBundleX' : 89.1856,
    'centerBundleY' : 133.188,
    'centerBundleZ' : 41.0701,
    'resolutionX' : 1,
    'resolutionY' : 1,
    'resolutionZ' : 1,
    'sizeX' : 193,
    'sizeY' : 229,
    'sizeZ' : 193,
    'space_dimension' : 3
,
    'averageDistanceBetweenMedialPoints' : 4.219034392464545,
    'minDistanceBetweenMedialPoints' : 1.4835832204570703,
    'maxDistanceBetweenMedialPoints' : 7.842613446501488,
}