attributes = {
    'binary' : 1,
    'bundles' : ['rh_PoC-PoC_6_short',0],
    'byte_order' : 'DCBA',
    'curves_count' : 362,
    'radio' : 0,
    'length' : 0,
    'nSubjects' : 0,
    'data_file_name' : '*.bundlesdata',
    'format' : 'bundles_1.0',
    'io_mode' : 'binary',
    'item_count' : 1,
    'label_type' : 'std_string',
    'labels' : ['255'],
    'object_type' : 'BundleMap',
    'averageRadius' : 10.805878883645681,
    'minRadius' : 8.44595315545731,
    'maxRadius' : 13.431991917868363,
    'averageAngle' : 47.411231589989015,
    'minAngle' : 5.778476901539471,
    'maxAngle' : 85.62585695440097,
    'averageDirectionAngle' : 15.600859954695197,
    'minDirectionAngle' : 3.0253244651722535,
    'maxDirectionAngle' : 36.20095565911082,
    'averageShapeAngle' : 25.71211379034869,
    'minShapeAngle' : 7.54145338201276,
    'maxShapeAngle' : 49.312238756707295,
    'averageLength' : 51.39877152759901,
    'minLength' : 43.89279677419203,
    'maxLength' : 58.78805378313233,
    'averageDisimilarity' : 9.319868478099883,
    'minDisimilarity' : 0,
    'maxDisimilarity' : 17.358201688673113,
    'density' : 0.0353693,
    'centerBundleX' : 56.4738,
    'centerBundleY' : 113.905,
    'centerBundleZ' : 61.8142,
    'resolutionX' : 1,
    'resolutionY' : 1,
    'resolutionZ' : 1,
    'sizeX' : 193,
    'sizeY' : 229,
    'sizeZ' : 193,
    'space_dimension' : 3
,
    'averageDistanceBetweenMedialPoints' : 5.520406863786802,
    'minDistanceBetweenMedialPoints' : 1.7354109805425786,
    'maxDistanceBetweenMedialPoints' : 11.116519000494472,
}