attributes = {
    'binary' : 1,
    'bundles' : ['rh_PoC-SP_4_short',0],
    'byte_order' : 'DCBA',
    'curves_count' : 727,
    'radio' : 0,
    'length' : 0,
    'nSubjects' : 0,
    'data_file_name' : '*.bundlesdata',
    'format' : 'bundles_1.0',
    'io_mode' : 'binary',
    'item_count' : 1,
    'label_type' : 'std_string',
    'labels' : ['255'],
    'object_type' : 'BundleMap',
    'averageRadius' : 11.268717679511449,
    'minRadius' : 9.731421308561321,
    'maxRadius' : 12.732691860430222,
    'averageAngle' : 12.490064739099852,
    'minAngle' : 3.211149158297636,
    'maxAngle' : 24.779415941379348,
    'averageDirectionAngle' : 11.748403659239145,
    'minDirectionAngle' : 3.089701716659608,
    'maxDirectionAngle' : 23.227536174489426,
    'averageShapeAngle' : 71.55577515494754,
    'minShapeAngle' : 44.25365239170288,
    'maxShapeAngle' : 92.35940078299198,
    'averageLength' : 72.43677786080804,
    'minLength' : 63.16111585823923,
    'maxLength' : 81.72089114148345,
    'averageDisimilarity' : 9.318895152065855,
    'minDisimilarity' : 0,
    'maxDisimilarity' : 14.532583081769506,
    'density' : 0.059666,
    'centerBundleX' : 56.6455,
    'centerBundleY' : 127.99,
    'centerBundleZ' : 66.3382,
    'resolutionX' : 1,
    'resolutionY' : 1,
    'resolutionZ' : 1,
    'sizeX' : 193,
    'sizeY' : 229,
    'sizeZ' : 193,
    'space_dimension' : 3
,
    'averageDistanceBetweenMedialPoints' : 5.608034929078018,
    'minDistanceBetweenMedialPoints' : 1.6597483111500442,
    'maxDistanceBetweenMedialPoints' : 10.654565223679642,
}