attributes = {
    'binary' : 1,
    'bundles' : ['lh_CMF-PoC_1_short',0],
    'byte_order' : 'DCBA',
    'curves_count' : 184,
    'radio' : 0,
    'length' : 0,
    'nSubjects' : 0,
    'data_file_name' : '*.bundlesdata',
    'format' : 'bundles_1.0',
    'io_mode' : 'binary',
    'item_count' : 1,
    'label_type' : 'std_string',
    'labels' : ['255'],
    'object_type' : 'BundleMap',
    'averageRadius' : 10.774802416020574,
    'minRadius' : 8.561438038383987,
    'maxRadius' : 13.311774942302014,
    'averageAngle' : 18.360792074813652,
    'minAngle' : 4.128242563791256,
    'maxAngle' : 37.21768065632223,
    'averageDirectionAngle' : 0.11237480969851778,
    'minDirectionAngle' : 0.019782338057549476,
    'maxDirectionAngle' : 0.4752347848694867,
    'averageShapeAngle' : 70.56564036847782,
    'minShapeAngle' : 53.85442186925611,
    'maxShapeAngle' : 89.19210054256827,
    'averageLength' : 74.50187691763813,
    'minLength' : 67.57609631010207,
    'maxLength' : 81.69944795313027,
    'averageDisimilarity' : 8.093856542055349,
    'minDisimilarity' : 0,
    'maxDisimilarity' : 12.806645693699274,
    'density' : 0.0179109,
    'centerBundleX' : 132.616,
    'centerBundleY' : 116.951,
    'centerBundleZ' : 62.786,
    'resolutionX' : 1,
    'resolutionY' : 1,
    'resolutionZ' : 1,
    'sizeX' : 193,
    'sizeY' : 229,
    'sizeZ' : 193,
    'space_dimension' : 3
,
    'averageDistanceBetweenMedialPoints' : 5.013206057983757,
    'minDistanceBetweenMedialPoints' : 1.4267023514023451,
    'maxDistanceBetweenMedialPoints' : 10.11046099118276,
}